   1   3   1   0  0.8535574E+02  0.2000000E+04
  CAR 
 unknown system                          
   0   0   0
   1   1
 256 256 256
 256
  0.1000000E-09
  0.6250000E-11
   1
  0.1000000E-14  0.6350160E-09  0.6350160E-09  0.6350160E-09
  0.1598885E+04  0.1598885E+04
  0.000
  0.000
  0.000
  0.000
  0.000
  0.000
  0.000
  0.000
  0.000
  0.000
  0.000
  0.000
  0.000
  0.000
 44.973
 46.305
 47.675
 11.504
  0.000
  0.000
  0.000
  2.407
  3.663
  4.365
  6.797
  4.848
  4.754
  3.188
  0.228
  0.000
  0.000
  0.000
  0.000
  0.000
  0.000
  0.000
  0.000
  0.000
  0.000
  0.000
  0.000
  0.000
  0.000
  0.000
  0.000
  0.000
  0.000
  0.000
  0.000
  0.000
  0.000
  0.000
  0.000
  0.000
  0.000
  0.000
  0.000
  0.000
  0.000
  0.000
  0.000
  0.000
  0.000
  0.000
  0.000
  0.000
  0.000
  0.000
  0.000
  0.000
  0.000
  0.000
  0.000
  0.000
  0.134
  0.358
  0.222
  0.278
  0.241
  0.411
  0.200
  0.447
  0.245
  0.080
  0.390
  1.015
  1.215
  1.187
  0.568
  0.926
  0.702
  0.554
  0.369
  0.424
  0.478
  0.325
  0.498
  0.429
  0.440
  0.412
  0.441
  0.378
  6.585
  1.489
  2.819
  1.050
  0.409
  0.321
  0.425
  0.402
  0.425
  0.283
  0.410
  0.504
  0.495
  0.640
  0.847
  0.739
  0.581
  0.286
  0.243
  0.226
  0.371
  0.243
  0.335
  0.212
  0.580
  0.764
  0.944
  1.006
  0.730
  0.590
  1.321
  1.780
  1.374
  1.243
  1.115
  0.785
  0.861
  0.734
  0.817
  0.787
  0.731
  0.775
  0.808
  0.701
  0.760
  0.631
  0.740
  0.805
  0.704
  0.792
  1.029
  0.952
  1.539
  1.358
  0.931
  0.665
  0.753
  0.780
  0.792
  0.327
  0.604
  0.916
  0.994
  0.691
  0.636
  0.542
  0.503
  0.413
  0.485
  0.322
  0.349
  0.296
  0.292
  0.355
  0.387
  0.283
  0.378
  0.328
  0.393
  0.327
  0.507
  0.430
  0.436
  0.458
  0.613
  0.754
  0.971
  0.697
  0.348
  0.233
  0.235
  0.228
  0.221
  0.306
  0.255
  0.257
  0.141
  0.154
  0.166
  0.192
  0.176
  2.060
  1.078
  0.452
  0.270
  0.289
  0.290
  0.258
  0.385
  0.510
  0.858
  0.855
  0.867
  0.695
  0.803
  0.816
  0.843
  0.643
  1.164
  1.104
  0.989
  0.739
  0.821
  0.941
  0.879
  0.900
  0.966
  0.845
  0.915
  0.744
  0.896
  1.221
  1.730
  1.592
  1.151
  1.128
  1.190
  1.274
  1.645
  1.418
  1.271
  0.841
  0.689
  0.699
  0.601
  0.687
  0.676
  0.626
  0.624
  0.595
  0.550
  0.661
  0.544
  0.628
