    2    3    6
  16.000   1.000
    1    1  0.0200  0.0000  0.0000
 -0.820302   0.000000   0.000000
  0.410151  -0.368352   0.000000
  0.410151   0.368352   0.000000
    1    2  0.0000  0.0200  0.0000
  0.000053  -1.249338   0.000000
 -0.484920   0.624687   0.000000
  0.484868   0.624651   0.000000
    2    1  0.0200  0.0000  0.0000
  0.408882  -0.484082   0.000000
 -0.392248   0.426154   0.000000
 -0.016634   0.057929   0.000000
    2    2  0.0000  0.0200  0.0000
 -0.369111   0.623228   0.000000
  0.426982  -0.680817   0.000000
 -0.057871   0.057589   0.000000
    3    1  0.0200  0.0000  0.0000
  0.408881   0.484047   0.000000
 -0.016630  -0.057908   0.000000
 -0.392251  -0.426140   0.000000
    3    2  0.0000  0.0200  0.0000
  0.369098   0.623031   0.000000
  0.057946   0.057736   0.000000
 -0.427044  -0.680767   0.000000
